{
 "cells": [
  {
   "cell_type": "markdown",
   "metadata": {},
   "source": [
    "# kitti to nusc"
   ]
  },
  {
   "cell_type": "code",
   "execution_count": 2,
   "metadata": {},
   "outputs": [],
   "source": [
    "import cv2\n",
    "import numpy as np\n",
    "from easydict import EasyDict\n",
    "\n",
    "root = \"dataset\\\\kitti\\\\\"\n",
    "raw  = root + \"object\\\\training\\\\\"\n",
    "img2 = raw + \"image_2\\\\\"\n",
    "img3 = raw + \"image_3\\\\\"\n",
    "lidar =raw + \"velodyne\\\\\"\n",
    "calib =raw + \"calib\\\\\"\n",
    "\n",
    "sample_id  = 0\n",
    "image_name = f\"{sample_id:06d}.png\"\n",
    "lidar_name = f\"{sample_id:06d}.bin\"\n",
    "calib_name = f\"{sample_id:06d}.txt\"\n",
    "\n",
    "boundary = EasyDict({\n",
    "    \"minX\": 0,\n",
    "    \"maxX\": 50,\n",
    "    \"minY\": -25,\n",
    "    \"maxY\": 25,\n",
    "    \"minZ\": -2.73,\n",
    "    \"maxZ\": 1.27\n",
    "})\n",
    "BEV_WIDTH = 608   # across y axis -25m ~ 25m\n",
    "BEV_HEIGHT = 608  # across x axis 0m ~ 50m\n",
    "DISCRETIZATION_X = (boundary.maxX - boundary.minX) / BEV_HEIGHT\n",
    "DISCRETIZATION_Y = (boundary.maxY - boundary.minY) / BEV_HEIGHT"
   ]
  },
  {
   "cell_type": "code",
   "execution_count": 5,
   "metadata": {},
   "outputs": [
    {
     "name": "stdout",
     "output_type": "stream",
     "text": [
      "velo_to_cam_kitti=array([[ 0.00692796, -0.9999722 , -0.00275783, -0.02457729],\n",
      "       [-0.00116298,  0.00274984, -0.9999955 , -0.06127237],\n",
      "       [ 0.9999753 ,  0.00693114, -0.0011439 , -0.3321029 ]])\n",
      "Tr_velo_to_cam=array([[ 0.00692796, -0.9999722 , -0.00275783, -0.02457729],\n",
      "       [-0.00116298,  0.00274984, -0.9999955 , -0.06127237],\n",
      "       [ 0.9999753 ,  0.00693114, -0.0011439 , -0.3321029 ]])\n"
     ]
    },
    {
     "ename": "Exception",
     "evalue": "",
     "output_type": "error",
     "traceback": [
      "\u001b[1;31m---------------------------------------------------------------------------\u001b[0m",
      "\u001b[1;31mException\u001b[0m                                 Traceback (most recent call last)",
      "Cell \u001b[1;32mIn[5], line 24\u001b[0m\n\u001b[0;32m     21\u001b[0m Tr_velo_to_cam \u001b[38;5;241m=\u001b[39m np\u001b[38;5;241m.\u001b[39mhstack((velo_to_cam_rot, velo_to_cam_trans\u001b[38;5;241m.\u001b[39mreshape(\u001b[38;5;241m3\u001b[39m, \u001b[38;5;241m1\u001b[39m)))\n\u001b[0;32m     22\u001b[0m \u001b[38;5;28mprint\u001b[39m(\u001b[38;5;124mf\u001b[39m\u001b[38;5;124m\"\u001b[39m\u001b[38;5;132;01m{\u001b[39;00mTr_velo_to_cam\u001b[38;5;132;01m=}\u001b[39;00m\u001b[38;5;124m\"\u001b[39m)\n\u001b[1;32m---> 24\u001b[0m \u001b[38;5;28;01mraise\u001b[39;00m \u001b[38;5;167;01mException\u001b[39;00m()\n\u001b[0;32m     26\u001b[0m \u001b[38;5;66;03m# DEBUG\u001b[39;00m\n\u001b[0;32m     27\u001b[0m velo_to_cam_kitti \u001b[38;5;241m=\u001b[39m np\u001b[38;5;241m.\u001b[39marray([[\u001b[38;5;241m0.01122026\u001b[39m, \u001b[38;5;241m-\u001b[39m\u001b[38;5;241m0.99989861\u001b[39m, \u001b[38;5;241m-\u001b[39m\u001b[38;5;241m0.00876743\u001b[39m, \u001b[38;5;241m-\u001b[39m\u001b[38;5;241m0.00702234\u001b[39m],\n\u001b[0;32m     28\u001b[0m                               [\u001b[38;5;241m0.05464516\u001b[39m,  \u001b[38;5;241m0.00936803\u001b[39m, \u001b[38;5;241m-\u001b[39m\u001b[38;5;241m0.99846189\u001b[39m, \u001b[38;5;241m-\u001b[39m\u001b[38;5;241m0.35150598\u001b[39m],\n\u001b[0;32m     29\u001b[0m                               [\u001b[38;5;241m0.99844279\u001b[39m,  \u001b[38;5;241m0.0107239\u001b[39m,  \u001b[38;5;241m0.05474473\u001b[39m, \u001b[38;5;241m-\u001b[39m\u001b[38;5;241m0.7332409\u001b[39m]])\n",
      "\u001b[1;31mException\u001b[0m: "
     ]
    }
   ],
   "source": [
    "import yaml\n",
    "from pyquaternion import Quaternion\n",
    "\n",
    "# read calib data\n",
    "with open(calib+calib_name, 'r') as cfile:\n",
    "    calib_dict = yaml.load(cfile, Loader=yaml.FullLoader)\n",
    "calib_dict = {key: [float(v) for v in value.split(' ')]\n",
    "              for key, value in calib_dict.items()}\n",
    "# calib_dict\n",
    "\n",
    "# Tr_velo_to_cam in KITTI format\n",
    "kitti_to_nu_lidar = Quaternion(axis=(0, 0, 1), angle=np.pi / 2)\n",
    "velo_to_cam_kitti = np.array(calib_dict['Tr_velo_to_cam']).reshape(3, 4)\n",
    "print(f\"{velo_to_cam_kitti=}\")\n",
    "\n",
    "rotat_expect = velo_to_cam_kitti[:3,:3]\n",
    "trans_expect = velo_to_cam_kitti[:3, 3]\n",
    "\n",
    "velo_to_cam_rot = velo_to_cam_kitti[:3, :3]\n",
    "velo_to_cam_trans = velo_to_cam_kitti[:3, 3]\n",
    "Tr_velo_to_cam = np.hstack((velo_to_cam_rot, velo_to_cam_trans.reshape(3, 1)))\n",
    "print(f\"{Tr_velo_to_cam=}\")\n",
    "\n",
    "raise Exception()\n",
    "\n",
    "# DEBUG\n",
    "velo_to_cam_kitti = np.array([[0.01122026, -0.99989861, -0.00876743, -0.00702234],\n",
    "                              [0.05464516,  0.00936803, -0.99846189, -0.35150598],\n",
    "                              [0.99844279,  0.0107239,  0.05474473, -0.7332409]])\n",
    "\n",
    "# Inverse transformation matrices\n",
    "velo_to_cam = np.dot(\n",
    "    kitti_to_nu_lidar.transformation_matrix, velo_to_cam_kitti.transpose()).transpose()\n",
    "# print(velo_to_cam)\n",
    "\n",
    "# DEBUG\n",
    "np.testing.assert_array_almost_equal(velo_to_cam, np.array(\n",
    "    [[0.99989861,  0.01122026, -0.00876743, -0.00702234],\n",
    "     [-0.00936803,  0.05464516, -0.99846189, -0.35150598],\n",
    "     [-0.0107239,  0.99844279,  0.05474473, -0.7332409]]))\n",
    "# velo_to_cam_org = np.array(\n",
    "#     [[0.99989861,  0.01122026, -0.00876743, -0.00702234],\n",
    "#      [-0.00936803,  0.05464516, -0.99846189, -0.35150598],\n",
    "#      [-0.0107239,  0.99844279,  0.05474473, -0.7332409],\n",
    "#      [0.,  0.,  0.,  1.]])\n",
    "\n",
    "# TODO how can get lid_to_ego\n",
    "# lid_to_ego = Quaternion(axis=(0, 0, -1), angle=np.pi / 2).transformation_matrix\n",
    "# print(lid_to_ego)\n",
    "# [[ 0. -1.  0.  0.]\n",
    "#  [ 1.  0.  0.  0.]\n",
    "#  [ 0.  0.  1.  0.]\n",
    "#  [ 0.  0.  0.  1.]]\n",
    "# [[-0.000542795004, 0.998930699, 0.0462294677, 0.985793],\n",
    "# [-0.999995492, -0.000405693167, -0.00297501151, 0.0],\n",
    "# [-0.00295307535, -0.0462308742, 0.998926417, 1.84019],\n",
    "# [0.0, 0.0, 0.0, 1.0]]\n",
    "# lid_to_ego = np.array([[0,  1,  0.046,  1],\n",
    "#                        [-1,  0,  -0.003,  0],\n",
    "#                        [-0.003,  -0.046,  1,  2],\n",
    "#                        [0,  0,  0,  1]])\n",
    "\n",
    "lid_to_ego = np.array(\n",
    "    [[-5.42795004e-04,  9.98930699e-01,  4.62294677e-02, 9.85793000e-01],\n",
    "     [-9.99995492e-01, -4.05693167e-04, -2.97501151e-03, 0.00000000e+00],\n",
    "     [-2.95307535e-03, -4.62308742e-02,  9.98926417e-01, 1.84019000e+00],\n",
    "     [0.00000000e+00,  0.00000000e+00,  0.00000000e+00, 1.00000000e+00]])\n",
    "# print(lid_to_ego)\n",
    "np.set_printoptions(formatter={'float_kind': \"{:.5f}\".format}) # np format\n",
    "ego_to_cam = np.dot(velo_to_cam_org, np.linalg.inv(lid_to_ego))\n",
    "print(ego_to_cam)\n",
    "\n",
    "rot_inv = ego_to_cam[:3,:3]\n",
    "tr_temp = ego_to_cam[:3, 3]\n",
    "trans   = np.linalg.inv(rot_inv) @ tr_temp\n",
    "trans   = -trans.T\n",
    "rotation= -rot_inv.T\n",
    "print(f\"{rotation=}\")\n",
    "print(f\"{trans=}\")\n",
    "\n",
    "# cs_record_cam['rotation'] = Quaternion(matrix=ego_to_cam[:3, :3])\n",
    "# cs_record_cam['translation'] = ego_to_cam[:3, 3]"
   ]
  }
 ],
 "metadata": {
  "kernelspec": {
   "display_name": "torch",
   "language": "python",
   "name": "python3"
  },
  "language_info": {
   "codemirror_mode": {
    "name": "ipython",
    "version": 3
   },
   "file_extension": ".py",
   "mimetype": "text/x-python",
   "name": "python",
   "nbconvert_exporter": "python",
   "pygments_lexer": "ipython3",
   "version": "3.9.18"
  }
 },
 "nbformat": 4,
 "nbformat_minor": 2
}
